17,2
17,1
17,3
15,2
15,1
15,3
16,2
16,1
16,3
13,2
14,2
4,25
4,26
4,4
4,9
4,11
4,35
4,17
4,64
4,87
4,68
4,1
4,72
4,2
4,3
6,5
6,1
6,4
6,2
6,3
7,7
7,8
7,4
7,13
7,11
7,9
7,1
7,6
7,2
7,3
5,4
5,2
5,1
5,3
38,1
38,3
31,1
31,3
53,36
53,35
10,296
10,230
10,272
10,156
10,144
10,178
10,240
10,182
11,20
11,8
11,6
11,14
11,28
11,22
9,4
9,6
8,4
8,7
8,16
51,4
51,3
51,2
51,1
51,0
50,3
50,2
50,1
50,0
49,3
49,2
49,1
49,0
48,5
48,4
48,3
48,2
48,1
48,0
47,4
47,3
47,2
47,1
47,0
45,5
45,4
45,3
45,2
45,1
45,0
42,5
42,4
42,3
42,2
42,1
42,0
40,5
40,4
40,1
40,3
36,4
36,3
36,1
28,3
28,1
20,3
20,2
20,1
19,3
